0.1904
0.19395555555555555
0.19066666666666668
0.1927111111111111
0.18888888888888888
0.19582222222222223
0.18933333333333333
0.19742222222222222
0.18942222222222221
0.19404444444444444
0.18915555555555555
0.19697777777777778
0.18933333333333333
0.19848888888888888
0.18977777777777777
0.19662222222222223
0.18915555555555555
0.19813333333333333
0.19075555555555557
0.19786666666666666
0.192
0.19653333333333334
0.1904888888888889
0.19795555555555555
0.19315555555555555
0.19804444444444444
0.19315555555555555
0.1968
0.1912
0.19777777777777777
0.19697777777777778
0.19697777777777778
0.19635555555555556
0.19848888888888888
0.19457777777777777
0.19662222222222223
0.1975111111111111
0.19777777777777777
0.1975111111111111
0.1968888888888889
0.19626666666666667
